1 7.4
2 0.4
3 1.6
4 6.2
5 7.6
6 7.7
7 5.6
8 4.4
9 8.0
10 7.0
11 3.1
12 5.1
13 3.2
14 0.3
15 2.2
16 6.7
17 0.8
18 8.3
19 1.8
20 9.0
21 9.2
22 9.6
23 5.9
24 8.4
25 4.0
26 2.3
27 4.2
28 7.4
29 8.9
30 5.3
31 7.9
32 6.6
33 9.7
34 3.6
35 3.9
36 8.8
37 1.3
38 3.4
39 3.7
40 1.6
41 9.1
42 2.0
43 0.9
44 3.1
45 3.4
46 2.8
47 3.4
48 7.1
49 7.9
50 1.5
51 6.8
52 6.3
53 0.5
54 0.0
55 7.0
56 6.7
57 7.4
58 8.7
59 9.5
60 4.7
61 3.6
62 7.0
63 9.1
64 6.2
65 5.8
66 7.1
67 5.8
68 1.1
69 5.6
70 4.8
71 4.2
72 2.4
73 2.9
74 8.4
75 7.3
76 0.2
77 0.0
78 8.5
79 0.2
80 9.8
81 2.9
82 9.0
83 3.5
84 1.9
85 5.0
86 2.2
87 6.1
88 9.4
89 5.0
90 9.7
91 3.5
92 4.4
93 3.5
94 4.2
95 8.0
96 5.5
97 7.2
98 4.8
99 4.7
100 9.0